20
0 0 0 2 0 9 0 9 0 0 8 0 0 0 0 0 0 0 0 0
4 0 0 0 0 8 0 0 0 0 0 7 0 0 3 0 0 5 0 0
0 0 0 0 0 0 0 0 1 0 0 5 0 0 0 0 2 0 0 0
0 0 0 0 0 0 7 5 0 0 0 2 0 0 0 5 0 0 0 0
0 2 0 0 0 8 0 8 0 0 0 0 0 0 0 0 0 0 0 0
0 0 0 0 0 0 0 0 0 0 3 0 0 0 0 0 7 0 0 0
0 6 0 0 0 0 0 0 0 0 0 0 4 5 0 0 0 0 0 0
0 0 0 8 0 2 0 0 0 0 0 0 0 0 0 8 0 9 3 0
0 0 0 0 0 0 0 0 0 0 0 0 3 0 0 0 9 1 4 0
0 1 0 0 0 0 0 0 7 0 0 0 0 0 0 0 0 0 3 0
0 0 0 0 0 5 0 0 5 0 0 0 5 0 0 0 8 3 0 0
0 0 0 0 0 0 0 0 0 0 0 0 0 0 0 0 5 0 0 0
0 0 3 0 0 6 0 0 0 8 0 0 0 0 7 4 0 5 0 0
0 0 0 0 0 0 3 0 0 0 0 0 0 0 0 0 0 4 0 0
0 0 9 0 4 0 0 5 2 0 0 0 0 0 0 0 0 0 0 0
4 0 0 0 0 4 0 7 0 0 0 3 8 0 0 0 0 0 0 0
0 0 0 0 8 0 0 8 5 0 0 0 0 0 0 0 0 0 0 0
0 0 0 0 3 0 1 0 7 0 0 0 0 0 0 0 0 0 7 0
0 0 0 0 0 6 0 6 0 5 0 0 0 0 0 0 0 0 0 0
0 0 0 0 0 0 2 0 0 0 0 0 3 0 0 0 1 6 0 0
10
6 3
15 19
17 15
13 3
2 2
14 16
14 5
1 1
15 18
3 15






5
0 7 7 9 5
0 0 2 1 0
0 3 0 6 0
0 9 3 0 1
0 5 0 0 0
10
3 3
2 0
1 0
2 3
2 0
2 1
4 2
4 0
0 1
4 4